2.5949918454489462 2.313354605373668
2.878655624110522 2.662338897150619
2.8747453911646828 2.6320261762195334
1.8451783367102785 2.310384471308707
2.567930593134213 2.4032081419677045
2.1881930346527976 2.1881930346527976
2.403690148267906 2.351917489490532
2.099105021235684 2.4963598467230104
2.1501184024988103 2.163960844105963
2.4296966679517102 2.291364916116148
2.045703081810333 2.4055222525401185
2.0298486366212347 1.589368894431371
2.078256564359259 2.3630215578774703
2.1138495401149178 2.355773049714271
2.2253588444117076 1.868524283985379
2.3294122507553428 2.3946551544281993
2.227845105333386 2.197560582434591
2.3726035100828984 2.4075445456818803
2.5606213789070447 2.638242256939115
2.424287922327578 2.5857363070828674
2.0504463808785847 1.576836603341618
2.4019167731707567 2.15688889812924
2.5261457718749627 2.706559265215363
2.6443146123088157 2.5119608866673904
2.5912735386398715 2.5912735386398715
1.6766048990342362 1.7576175139736054
2.5617458472819012 2.4299151848897313
1.9511514987205305 1.6313175036304637
1.9353082151743033 1.9800823163964667
2.38966490857157 2.088583908690388
1.761485118209669 2.50235748912204
2.446632346134865 2.2937753500020674
2.450581176917639 2.6506036331184357
2.1023914471779412 2.1506261426497666
2.364076306315219 2.3697584635231
2.3792661004267934 2.5168757682015834
2.2104452759154527 2.018570934197837
2.042368401539836 2.023487764832965
1.395351800849558 1.395351800849558
2.369831355470649 2.2913068245606643
1.8472871374934 2.168701453834608
2.425544424233419 2.317054337838222
2.314159416464892 2.0945895205141998
2.679083294368947 2.4025864742496754
2.7983364235825294 2.572990646263343
2.653694170223191 2.5839880830873803
1.824309568057604 2.0578759237446813
2.0617767818968282 2.04743341116025
2.650162097644732 2.4415428683408082
2.5128213235550163 1.8408178787995184
2.341563729070715 2.341563729070715
2.412694883805508 2.109771023929893
2.3781201306595694 2.475871935605165
2.3929498419961774 2.3133038582777274
1.993576986718506 2.332719157929306
1.833881296292615 1.7377989199284043
2.1457119332705443 2.1170211856501946
2.603370696744376 2.608101766772121
2.131419467099211 2.726477366965227
2.489188121150026 2.514538841065644
2.4997686190119435 2.7347518610905386
2.260445310977076 2.4271951281467774
2.533766652532102 2.433818487332074
2.2623014200738805 2.2607188282875352
1.415000440930954 1.7517831986745112
2.3566903903217353 2.375085542152522
2.4735602912330155 1.7996193809123624
2.4817547392813584 2.6743214494281107
2.17596885844601 2.467886803690507
2.6518259608944974 2.632661763341476
1.9000602769299286 2.0368141073365926
2.7819841609725193 2.7819841609725193
2.4030899449272605 2.3751927358263227
2.270098820217834 2.2253956195878706
2.357844621172525 2.118268912443182
2.315169688307841 2.3986423794863527
2.4377337135985586 2.2802287246919137
2.0028896327072205 2.440962271153773
2.6295700074418016 2.7446578649996614
2.710339380880844 2.7371057279623585
2.185014644247273 2.185014644247273
2.245160484067955 2.3897476890147282
2.783945661395515 2.495240688897641
2.6836633753928885 2.595164817002799
1.9906343685621324 2.2208893240880343
2.324179951846955 2.461140767629759
2.440680758346449 2.440680758346449
2.4993725917389686 2.427843154960862
2.204963452082454 1.8752059213556076
2.38631774584365 2.360006908275936
2.0522308824465116 2.1447223851528956
2.305034687696093 2.305034687696093
2.495701876318587 2.625371691125248
1.7338080463237349 1.7801899365314853
2.1392220697914612 2.5875467105615417
2.0575684266731593 2.322555664158721
2.5213227205443847 2.576558968254463
2.364888579935779 2.182823550540465
2.108446203434659 2.0739093118533494
2.450267643353106 2.394821021515275
