Nmax 1 0.25 0.25 
Nmax 2 0.25 0.25 
Nmax 3 0.25 0.25 
Nmax 4 0.25 0.25 
Nmax 5 0.25 0.25 
Nmax 6 0.25 0.25 
Nmax 7 0.25 0.25 
Nmax 8 0.25 0.25 
Nmax 9 0.125 0.125 
Nmax 10 0.125 0.125 
Nmax 11 0.125 0.125 
Nmax 12 0.125 0.125 
Nmax 13 0.125 0.125 
Nmax 14 0.125 0.125 
Nmax 15 0.125 0.125 
Nmax 16 0.125 0.125 
Nmax 17 0.125 0.125 
Nmax 18 0.125 0.125 
Nmax 19 0.125 0.125 
Nmax 20 0.125 0.125 
Nmax 21 0.125 0.125 
Nmax 22 0.125 0.125 
Nmax 23 0.125 0.125 
Nmax 24 0.125 0.125 
Nmax 25 0.125 0.125 
Nmax 26 0.125 0.125 
Nmax 27 0.125 0.125 
Nmax 28 0.125 0.125 
Nmax 29 0.125 0.125 
Nmax 30 0.125 0.125 
Nmax 31 0.125 0.125 
Nmax 32 0.125 0.125 
Nmax 33 0.125 0.125 
Nmax 34 0.125 0.125 
Nmax 35 0.125 0.125 
Nmax 36 0.125 0.125 
Nmax 37 0.125 0.125 
Nmax 38 0.125 0.125 
Nmax 39 0.125 0.125 
Nmax 40 0.125 0.125 
Nmax 41 0.125 0.125 
Nmax 42 0.125 0.125 
Nmax 43 0.125 0.125 
Nmax 44 0.125 0.125 
Nmax 45 0.125 0.125 
Nmax 46 0.125 0.125 
Nmax 47 0.125 0.125 
Nmax 48 0.125 0.125 
Nmax 49 0.125 0.125 
Nmax 50 0.125 0.125 
Nmax 51 0.125 0.125 
Nmax 52 0.125 0.125 
Nmax 53 0.125 0.125 
Nmax 54 0.125 0.125 
Nmax 55 0.125 0.125 
Nmax 56 0.125 0.125 
Nmax 57 0.125 0.125 
Nmax 58 0.125 0.125 
Nmax 59 0.125 0.125 
Nmax 60 0.125 0.125 
Nmax 61 0.125 0.125 
Nmax 62 0.125 0.125 
Nmax 63 0.125 0.125 
Nmax 64 0.125 0.125 
Nmax 65 0.125 0.125 
Nmax 66 0.125 0.125 
Nmax 67 0.125 0.125 
Nmax 68 0.125 0.125 
Nmax 69 0.125 0.125 
Nmax 70 0.125 0.125 
Nmax 71 0.125 0.125 
Nmax 72 0.125 0.125 
Nmax 73 0.0625 0.0625 
Nmax 74 0.0625 0.0625 
Nmax 75 0.0625 0.0625 
Nmax 76 0.0625 0.0625 
Nmax 77 0.0625 0.0625 
Nmax 78 0.0625 0.0625 
Nmax 79 0.0625 0.0625 
Nmax 80 0.0625 0.0625 
Nmax 81 0.0625 0.0625 
Nmax 82 0.0625 0.0625 
Nmax 83 0.0625 0.0625 
Nmax 84 0.0625 0.0625 
Nmax 85 0.0625 0.0625 
Nmax 86 0.0625 0.0625 
Nmax 87 0.0625 0.0625 
Nmax 88 0.0625 0.0625 
Nmax 89 0.0625 0.0625 
Nmax 90 0.0625 0.0625 
Nmax 91 0.0625 0.0625 
Nmax 92 0.0625 0.0625 
Nmax 93 0.0625 0.0625 
Nmax 94 0.0625 0.0625 
Nmax 95 0.0625 0.0625 
Nmax 96 0.0625 0.0625 
Nmax 97 0.0625 0.0625 
Nmax 98 0.0625 0.0625 
Nmax 99 0.0625 0.0625 
Nmax 100 0.0625 0.0625 
Nmax 101 0.0625 0.0625 
Nmax 102 0.0625 0.0625 
Nmax 103 0.0625 0.0625 
Nmax 104 0.0625 0.0625 
Nmax 105 0.0625 0.0625 
Nmax 106 0.0625 0.0625 
Nmax 107 0.0625 0.0625 
Nmax 108 0.0625 0.0625 
Nmax 109 0.0625 0.0625 
Nmax 110 0.0625 0.0625 
Nmax 111 0.0625 0.0625 
Nmax 112 0.0625 0.0625 
Nmax 113 0.0625 0.0625 
Nmax 114 0.0625 0.0625 
Nmax 115 0.0625 0.0625 
Nmax 116 0.0625 0.0625 
Nmax 117 0.0625 0.0625 
Nmax 118 0.0625 0.0625 
Nmax 119 0.0625 0.0625 
Nmax 120 0.0625 0.0625 
Nmax 121 0.0625 0.0625 
Nmax 122 0.0625 0.0625 
Nmax 123 0.0625 0.0625 
Nmax 124 0.0625 0.0625 
Nmax 125 0.0625 0.0625 
Nmax 126 0.0625 0.0625 
Nmax 127 0.0625 0.0625 
Nmax 128 0.0625 0.0625 
Nmax 129 0.0625 0.0625 
Nmax 130 0.0625 0.0625 
Nmax 131 0.0625 0.0625 
Nmax 132 0.0625 0.0625 
Nmax 133 0.0625 0.0625 
Nmax 134 0.0625 0.0625 
Nmax 135 0.0625 0.0625 
Nmax 136 0.0625 0.0625 
Nmax 137 0.0625 0.0625 
Nmax 138 0.0625 0.0625 
Nmax 139 0.0625 0.0625 
Nmax 140 0.0625 0.0625 
Nmax 141 0.0625 0.0625 
Nmax 142 0.0625 0.0625 
Nmax 143 0.0625 0.0625 
Nmax 144 0.0625 0.0625 
Nmax 145 0.0625 0.0625 
Nmax 146 0.0625 0.0625 
Nmax 147 0.0625 0.0625 
Nmax 148 0.0625 0.0625 
Nmax 149 0.0625 0.0625 
Nmax 150 0.0625 0.0625 
Nmax 151 0.0625 0.0625 
Nmax 152 0.0625 0.0625 
Nmax 153 0.0625 0.0625 
Nmax 154 0.0625 0.0625 
Nmax 155 0.0625 0.0625 
Nmax 156 0.0625 0.0625 
Nmax 157 0.0625 0.0625 
Nmax 158 0.0625 0.0625 
Nmax 159 0.0625 0.0625 
Nmax 160 0.0625 0.0625 
Nmax 161 0.0625 0.0625 
Nmax 162 0.0625 0.0625 
Nmax 163 0.0625 0.0625 
Nmax 164 0.0625 0.0625 
Nmax 165 0.0625 0.0625 
Nmax 166 0.0625 0.0625 
Nmax 167 0.0625 0.0625 
Nmax 168 0.0625 0.0625 
Nmax 169 0.0625 0.0625 
Nmax 170 0.0625 0.0625 
Nmax 171 0.0625 0.0625 
Nmax 172 0.0625 0.0625 
Nmax 173 0.0625 0.0625 
Nmax 174 0.0625 0.0625 
Nmax 175 0.0625 0.0625 
Nmax 176 0.0625 0.0625 
Nmax 177 0.0625 0.0625 
Nmax 178 0.0625 0.0625 
Nmax 179 0.0625 0.0625 
Nmax 180 0.0625 0.0625 
Nmax 181 0.0625 0.0625 
Nmax 182 0.0625 0.0625 
Nmax 183 0.0625 0.0625 
Nmax 184 0.0625 0.0625 
Nmax 185 0.0625 0.0625 
Nmax 186 0.0625 0.0625 
Nmax 187 0.0625 0.0625 
Nmax 188 0.0625 0.0625 
Nmax 189 0.0625 0.0625 
Nmax 190 0.0625 0.0625 
Nmax 191 0.0625 0.0625 
Nmax 192 0.0625 0.0625 
Nmax 193 0.0625 0.0625 
Nmax 194 0.0625 0.0625 
Nmax 195 0.0625 0.0625 
Nmax 196 0.0625 0.0625 
Nmax 197 0.0625 0.0625 
Nmax 198 0.0625 0.0625 
Nmax 199 0.0625 0.0625 
Nmax 200 0.0625 0.0625 
Nmax 201 0.0625 0.0625 
Nmax 202 0.0625 0.0625 
Nmax 203 0.0625 0.0625 
Nmax 204 0.0625 0.0625 
Nmax 205 0.0625 0.0625 
Nmax 206 0.0625 0.0625 
Nmax 207 0.0625 0.0625 
Nmax 208 0.0625 0.0625 
Nmax 209 0.0625 0.0625 
Nmax 210 0.0625 0.0625 
Nmax 211 0.0625 0.0625 
Nmax 212 0.0625 0.0625 
Nmax 213 0.0625 0.0625 
Nmax 214 0.0625 0.0625 
Nmax 215 0.0625 0.0625 
Nmax 216 0.0625 0.0625 
Nmax 217 0.0625 0.0625 
Nmax 218 0.0625 0.0625 
Nmax 219 0.0625 0.0625 
Nmax 220 0.0625 0.0625 
Nmax 221 0.0625 0.0625 
Nmax 222 0.0625 0.0625 
Nmax 223 0.0625 0.0625 
Nmax 224 0.0625 0.0625 
Nmax 225 0.0625 0.0625 
Nmax 226 0.0625 0.0625 
Nmax 227 0.0625 0.0625 
Nmax 228 0.0625 0.0625 
Nmax 229 0.0625 0.0625 
Nmax 230 0.0625 0.0625 
Nmax 231 0.0625 0.0625 
Nmax 232 0.0625 0.0625 
Nmax 233 0.0625 0.0625 
Nmax 234 0.0625 0.0625 
Nmax 235 0.0625 0.0625 
Nmax 236 0.0625 0.0625 
Nmax 237 0.0625 0.0625 
Nmax 238 0.0625 0.0625 
Nmax 239 0.0625 0.0625 
Nmax 240 0.0625 0.0625 
Nmax 241 0.0625 0.0625 
Nmax 242 0.0625 0.0625 
Nmax 243 0.0625 0.0625 
Nmax 244 0.0625 0.0625 
Nmax 245 0.0625 0.0625 
Nmax 246 0.0625 0.0625 
Nmax 247 0.0625 0.0625 
Nmax 248 0.0625 0.0625 
Nmax 249 0.0625 0.0625 
Nmax 250 0.0625 0.0625 
Nmax 251 0.0625 0.0625 
Nmax 252 0.0625 0.0625 
Nmax 253 0.0625 0.0625 
Nmax 254 0.0625 0.0625 
Nmax 255 0.0625 0.0625 
Nmax 256 0.0625 0.0625 
Nmax 257 0.0625 0.0625 
Nmax 258 0.0625 0.0625 
Nmax 259 0.0625 0.0625 
Nmax 260 0.0625 0.0625 
Nmax 261 0.0625 0.0625 
Nmax 262 0.0625 0.0625 
Nmax 263 0.0625 0.0625 
Nmax 264 0.0625 0.0625 
Nmax 265 0.0625 0.0625 
Nmax 266 0.0625 0.0625 
Nmax 267 0.0625 0.0625 
Nmax 268 0.0625 0.0625 
Nmax 269 0.0625 0.0625 
Nmax 270 0.0625 0.0625 
Nmax 271 0.0625 0.0625 
Nmax 272 0.0625 0.0625 
Nmax 273 0.0625 0.0625 
Nmax 274 0.0625 0.0625 
Nmax 275 0.0625 0.0625 
Nmax 276 0.0625 0.0625 
Nmax 277 0.0625 0.0625 
Nmax 278 0.0625 0.0625 
Nmax 279 0.0625 0.0625 
Nmax 280 0.0625 0.0625 
Nmax 281 0.0625 0.0625 
Nmax 282 0.0625 0.0625 
Nmax 283 0.0625 0.0625 
Nmax 284 0.0625 0.0625 
Nmax 285 0.0625 0.0625 
Nmax 286 0.0625 0.0625 
Nmax 287 0.0625 0.0625 
Nmax 288 0.0625 0.0625 
Nmax 289 0.0625 0.0625 
Nmax 290 0.0625 0.0625 
Nmax 291 0.0625 0.0625 
Nmax 292 0.0625 0.0625 
Nmax 293 0.0625 0.0625 
Nmax 294 0.0625 0.0625 
Nmax 295 0.0625 0.0625 
Nmax 296 0.0625 0.0625 
Nmax 297 0.0625 0.0625 
Nmax 298 0.0625 0.0625 
Nmax 299 0.0625 0.0625 
Nmax 300 0.0625 0.0625 
Nmax 301 0.0625 0.0625 
Nmax 302 0.0625 0.0625 
Nmax 303 0.0625 0.0625 
Nmax 304 0.0625 0.0625 
Nmax 305 0.0625 0.0625 
Nmax 306 0.0625 0.0625 
Nmax 307 0.0625 0.0625 
Nmax 308 0.0625 0.0625 
Nmax 309 0.0625 0.0625 
Nmax 310 0.0625 0.0625 
Nmax 311 0.0625 0.0625 
Nmax 312 0.0625 0.0625 
Nmax 313 0.0625 0.0625 
Nmax 314 0.0625 0.0625 
Nmax 315 0.0625 0.0625 
Nmax 316 0.0625 0.0625 
Nmax 317 0.0625 0.0625 
Nmax 318 0.0625 0.0625 
Nmax 319 0.0625 0.0625 
Nmax 320 0.0625 0.0625 
Nmax 321 0.0625 0.0625 
Nmax 322 0.0625 0.0625 
Nmax 323 0.0625 0.0625 
Nmax 324 0.0625 0.0625 
Nmax 325 0.0625 0.0625 
Nmax 326 0.0625 0.0625 
Nmax 327 0.0625 0.0625 
Nmax 328 0.0625 0.0625 
Nmax 329 0.0625 0.0625 
Nmax 330 0.0625 0.0625 
Nmax 331 0.0625 0.0625 
Nmax 332 0.0625 0.0625 
Nmax 333 0.0625 0.0625 
Nmax 334 0.0625 0.0625 
Nmax 335 0.0625 0.0625 
Nmax 336 0.0625 0.0625 
Nmax 337 0.0625 0.0625 
Nmax 338 0.0625 0.0625 
Nmax 339 0.0625 0.0625 
Nmax 340 0.0625 0.0625 
Nmax 341 0.0625 0.0625 
Nmax 342 0.0625 0.0625 
Nmax 343 0.0625 0.0625 
Nmax 344 0.0625 0.0625 
Nmax 345 0.0625 0.0625 
Nmax 346 0.0625 0.0625 
Nmax 347 0.0625 0.0625 
Nmax 348 0.0625 0.0625 
Nmax 349 0.0625 0.0625 
Nmax 350 0.0625 0.0625 
Nmax 351 0.0625 0.0625 
Nmax 352 0.0625 0.0625 
Nmax 353 0.0625 0.0625 
Nmax 354 0.0625 0.0625 
Nmax 355 0.0625 0.0625 
Nmax 356 0.0625 0.0625 
Nmax 357 0.0625 0.0625 
Nmax 358 0.0625 0.0625 
Nmax 359 0.0625 0.0625 
Nmax 360 0.0625 0.0625 
Nmax 361 0.0625 0.0625 
Nmax 362 0.0625 0.0625 
Nmax 363 0.0625 0.0625 
Nmax 364 0.0625 0.0625 
Nmax 365 0.0625 0.0625 
Nmax 366 0.0625 0.0625 
Nmax 367 0.0625 0.0625 
Nmax 368 0.0625 0.0625 
Nmax 369 0.0625 0.0625 
Nmax 370 0.0625 0.0625 
Nmax 371 0.0625 0.0625 
Nmax 372 0.0625 0.0625 
Nmax 373 0.0625 0.0625 
Nmax 374 0.0625 0.0625 
Nmax 375 0.0625 0.0625 
Nmax 376 0.0625 0.0625 
Nmax 377 0.0625 0.0625 
Nmax 378 0.0625 0.0625 
Nmax 379 0.0625 0.0625 
Nmax 380 0.0625 0.0625 
Nmax 381 0.0625 0.0625 
Nmax 382 0.0625 0.0625 
Nmax 383 0.0625 0.0625 
Nmax 384 0.0625 0.0625 
Nmax 385 0.0625 0.0625 
Nmax 386 0.0625 0.0625 
Nmax 387 0.0625 0.0625 
Nmax 388 0.0625 0.0625 
Nmax 389 0.0625 0.0625 
Nmax 390 0.0625 0.0625 
Nmax 391 0.0625 0.0625 
Nmax 392 0.0625 0.0625 
Nmax 393 0.0625 0.0625 
Nmax 394 0.0625 0.0625 
Nmax 395 0.0625 0.0625 
Nmax 396 0.0625 0.0625 
Nmax 397 0.0625 0.0625 
Nmax 398 0.0625 0.0625 
Nmax 399 0.0625 0.0625 
Nmax 400 0.0625 0.0625 
Nmax 401 0.0625 0.0625 
Nmax 402 0.0625 0.0625 
Nmax 403 0.0625 0.0625 
Nmax 404 0.0625 0.0625 
Nmax 405 0.0625 0.0625 
Nmax 406 0.0625 0.0625 
Nmax 407 0.0625 0.0625 
Nmax 408 0.0625 0.0625 
Nmax 409 0.0625 0.0625 
Nmax 410 0.0625 0.0625 
Nmax 411 0.0625 0.0625 
Nmax 412 0.0625 0.0625 
Nmax 413 0.0625 0.0625 
Nmax 414 0.0625 0.0625 
Nmax 415 0.0625 0.0625 
Nmax 416 0.0625 0.0625 
Nmax 417 0.0625 0.0625 
Nmax 418 0.0625 0.0625 
Nmax 419 0.0625 0.0625 
Nmax 420 0.0625 0.0625 
Nmax 421 0.0625 0.0625 
Nmax 422 0.0625 0.0625 
Nmax 423 0.0625 0.0625 
Nmax 424 0.0625 0.0625 
Nmax 425 0.0625 0.0625 
Nmax 426 0.0625 0.0625 
Nmax 427 0.0625 0.0625 
Nmax 428 0.0625 0.0625 
Nmax 429 0.0625 0.0625 
Nmax 430 0.0625 0.0625 
Nmax 431 0.0625 0.0625 
Nmax 432 0.0625 0.0625 
Nmax 433 0.0625 0.0625 
Nmax 434 0.0625 0.0625 
Nmax 435 0.0625 0.0625 
Nmax 436 0.0625 0.0625 
Nmax 437 0.0625 0.0625 
Nmax 438 0.0625 0.0625 
Nmax 439 0.0625 0.0625 
Nmax 440 0.0625 0.0625 
Nmax 441 0.0625 0.0625 
Nmax 442 0.0625 0.0625 
Nmax 443 0.0625 0.0625 
Nmax 444 0.0625 0.0625 
Nmax 445 0.0625 0.0625 
Nmax 446 0.0625 0.0625 
Nmax 447 0.0625 0.0625 
Nmax 448 0.0625 0.0625 
Nmax 449 0.0625 0.0625 
Nmax 450 0.0625 0.0625 
Nmax 451 0.0625 0.0625 
Nmax 452 0.0625 0.0625 
Nmax 453 0.0625 0.0625 
Nmax 454 0.0625 0.0625 
Nmax 455 0.0625 0.0625 
Nmax 456 0.0625 0.0625 
Nmax 457 0.0625 0.0625 
Nmax 458 0.0625 0.0625 
Nmax 459 0.0625 0.0625 
Nmax 460 0.0625 0.0625 
Nmax 461 0.0625 0.0625 
Nmax 462 0.0625 0.0625 
Nmax 463 0.0625 0.0625 
Nmax 464 0.0625 0.0625 
Nmax 465 0.0625 0.0625 
Nmax 466 0.0625 0.0625 
Nmax 467 0.0625 0.0625 
Nmax 468 0.0625 0.0625 
Nmax 469 0.0625 0.0625 
Nmax 470 0.0625 0.0625 
Nmax 471 0.0625 0.0625 
Nmax 472 0.0625 0.0625 
Nmax 473 0.0625 0.0625 
Nmax 474 0.0625 0.0625 
Nmax 475 0.0625 0.0625 
Nmax 476 0.0625 0.0625 
Nmax 477 0.0625 0.0625 
Nmax 478 0.0625 0.0625 
Nmax 479 0.0625 0.0625 
Nmax 480 0.0625 0.0625 
Nmax 481 0.0625 0.0625 
Nmax 482 0.0625 0.0625 
Nmax 483 0.0625 0.0625 
Nmax 484 0.0625 0.0625 
Nmax 485 0.0625 0.0625 
Nmax 486 0.0625 0.0625 
Nmax 487 0.0625 0.0625 
Nmax 488 0.0625 0.0625 
Nmax 489 0.0625 0.0625 
Nmax 490 0.0625 0.0625 
Nmax 491 0.0625 0.0625 
Nmax 492 0.0625 0.0625 
Nmax 493 0.0625 0.0625 
Nmax 494 0.0625 0.0625 
Nmax 495 0.0625 0.0625 
Nmax 496 0.0625 0.0625 
Nmax 497 0.0625 0.0625 
Nmax 498 0.0625 0.0625 
Nmax 499 0.0625 0.0625 
Nmax 500 0.0625 0.0625 
Nmax 501 0.0625 0.0625 
Nmax 502 0.0625 0.0625 
Nmax 503 0.0625 0.0625 
Nmax 504 0.0625 0.0625 
Nmax 505 0.0625 0.0625 
Nmax 506 0.0625 0.0625 
Nmax 507 0.0625 0.0625 
Nmax 508 0.0625 0.0625 
Nmax 509 0.0625 0.0625 
Nmax 510 0.0625 0.0625 
Nmax 511 0.0625 0.0625 
Nmax 512 0.0625 0.0625 
Nmax 513 0.0625 0.0625 
Nmax 514 0.0625 0.0625 
Nmax 515 0.0625 0.0625 
Nmax 516 0.0625 0.0625 
Nmax 517 0.0625 0.0625 
Nmax 518 0.0625 0.0625 
Nmax 519 0.0625 0.0625 
Nmax 520 0.0625 0.0625 
Nmax 521 0.0625 0.0625 
Nmax 522 0.0625 0.0625 
Nmax 523 0.0625 0.0625 
Nmax 524 0.0625 0.0625 
Nmax 525 0.0625 0.0625 
Nmax 526 0.0625 0.0625 
Nmax 527 0.0625 0.0625 
Nmax 528 0.0625 0.0625 
Nmax 529 0.0625 0.0625 
Nmax 530 0.0625 0.0625 
Nmax 531 0.0625 0.0625 
Nmax 532 0.0625 0.0625 
Nmax 533 0.0625 0.0625 
Nmax 534 0.0625 0.0625 
Nmax 535 0.0625 0.0625 
Nmax 536 0.0625 0.0625 
Nmax 537 0.0625 0.0625 
Nmax 538 0.0625 0.0625 
Nmax 539 0.0625 0.0625 
Nmax 540 0.0625 0.0625 
Nmax 541 0.0625 0.0625 
Nmax 542 0.0625 0.0625 
Nmax 543 0.0625 0.0625 
Nmax 544 0.0625 0.0625 
Nmax 545 0.0625 0.0625 
Nmax 546 0.0625 0.0625 
Nmax 547 0.0625 0.0625 
Nmax 548 0.0625 0.0625 
Nmax 549 0.0625 0.0625 
Nmax 550 0.0625 0.0625 
Nmax 551 0.0625 0.0625 
Nmax 552 0.0625 0.0625 
Nmax 553 0.0625 0.0625 
Nmax 554 0.0625 0.0625 
Nmax 555 0.0625 0.0625 
Nmax 556 0.0625 0.0625 
Nmax 557 0.0625 0.0625 
Nmax 558 0.0625 0.0625 
Nmax 559 0.0625 0.0625 
Nmax 560 0.0625 0.0625 
Nmax 561 0.0625 0.0625 
Nmax 562 0.0625 0.0625 
Nmax 563 0.0625 0.0625 
Nmax 564 0.0625 0.0625 
Nmax 565 0.0625 0.0625 
Nmax 566 0.0625 0.0625 
Nmax 567 0.0625 0.0625 
Nmax 568 0.0625 0.0625 
Nmax 569 0.0625 0.0625 
Nmax 570 0.0625 0.0625 
Nmax 571 0.0625 0.0625 
Nmax 572 0.0625 0.0625 
Nmax 573 0.0625 0.0625 
Nmax 574 0.0625 0.0625 
Nmax 575 0.0625 0.0625 
Nmax 576 0.0625 0.0625 
Nmax 577 0.0625 0.0625 
Nmax 578 0.0625 0.0625 
Nmax 579 0.0625 0.0625 
Nmax 580 0.0625 0.0625 
Nmax 581 0.0625 0.0625 
Nmax 582 0.0625 0.0625 
Nmax 583 0.0625 0.0625 
Nmax 584 0.0625 0.0625 
Nmax 585 0.03125 0.03125 